 317
 374
 457
1461
1750
1814
1862
2289
2521
2605
2657
2830
2935
3163
4308
4341
4373
4814
5704
5844
5935
6456
6769
7609
8039
8211
8392
8500
8588
8857
8939
9289
9882
9889
9979
10052
10659
10915
11771
12151
12248
12419
12448
13089
13343
13479
13583
13779
14159
14202
14483
14945
15023
15067
15383
15612
15987
16003
16082
16689
17000
17188
17479
18262
18923
19253
19395
21626
22020
22196
22325
22388
22792
22837
23433
23774
23822
24644
25248
25362
25400
25472
25514
25531
25837
26206
26554
27093
27182
27761
27937
28196
28922
28927
29228
29704
30313
30348
31221
31436
 320
 535
 886
1091
1158
2054
2718
2785
3022
3062
3095
3193
3924
4222
4240
4712
4817
5164
5223
5238
5238
5260
6069
6131
7630
7864
8476
9095
10058
10101
10671
10738
11644
11687
12836
12866
13055
13074
13893
13968
14102
14544
14658
14971
14981
15011
15026
15505
15573
16495
16711
17426
17568
17668
17818
18231
18277
18865
18968
19010
19364
20369
20606
20760
20841
21152
21280
22326
22609
22923
23468
23728
23843
23964
24320
24796
25130
25677
26094
26225
26721
26893
27698
27819
28104
28277
28740
28900
29619
29621
29779
29834
30693
31104
31189
31249
31337
31422
31428
32517
